INDEX NOMINUM.

37, 2, 45, 38,1, 39,6, 40, 28,
41,5, 42,1.4, 43,1.2.3, 44,1,
45,1, 46,1.4, 47,1.4.5.6, 48,
3.4, 49,3, 50,2,3.4, 53,3.4,
Ι716,7,729,3,55,2,7112,2.

M. Aristius 7Π42,5, 43,1.

[Armorieus a. Aremoricus]

(1. Arpin(e)ius V27, 13 28,1.

[Arudes u. Harudes]

ArverniIBI, 34, 45, 2, 7Π3, 3,
.5,5.7,7,1,5,8,2(513).4.5,9,5;
342,37,1,38,5.7·,64,6;66,1,
75, 2, 77,3, 89, 5, 90, 23, VIII
46,4, - 7Π4,1, 76,3, 83,6;
88,4, 7Π144, 3.

(Asedullus 71188, 4.)

Q. Atius Varus VIII 28, 2.

Atrebates Π 4, 9, 16, 2, 23,1;
Ι721,7,746,3, 71175, 3, VIII
7,4, 47,2, - 17 27,2, 35,1,
722,3, 716,4, 7Π76,3, VIII
Ι6,2, 7,5, 21,1, 47,1.

Q. Atrius 79,1, 10, 2.

Atuatuca VI 32, 3. 4, 35, 8. 10.

Atuatuci H 4, 9,.16,4, 29, 1. 4,
31,4, V2V,2(bis); 38,1. 2, 39,
3, 56,1, 712,3, 33, 2.

Aulerci Π34, ΠΙ 293, 71146,
VIII 7,4, - 7Π57,3, Aulerci
BrannovieesVII 75, 2, - Aulerci
Cenoma(n)niV1175, 3, - Aulerci
Eburovices III 17, 3, 71175, 3.

L. Aurunculeius Cotta II 11, 3,
1722, 5, 38,3, 724,5, 26,2,
28,3,29,7,30,1, 31,3, 33,2,
35,8, 36, 34, 37,4, 52,4, 71
32,4; 37,8.

Ausci Π127, 1.

AvaricenSIs 7Π 47, 7.

Avaricum 711 13, 3, 15,3, 16,
1.2, 18,1,29,4, 392, 31,3.4,
32,1, 47,5; 52, 2.

Δκόηα Π5,4, 9, 3.

Bacenis silva 7110, 5,

Baculus a. Sextius.

(L. CorneliusIBalbus VIII praef. 1.

Baleares 117,1.

Τ. Balventius 735, 6.

Basil[i]us u. Minucius.

Batavi 1710,1.

Belgae 11, 1. 2. 3. 56, ΠΙ, 1,
2, 3. 6, 3, 1. 2. 4, 4, 1. 4, 5, 4,
6,1.2, 14,1.6, 15, 1. 5, 17,2,
19,1,1117,1, 11,2, 17 38,4,
7243, 711162, 38,1, 54, 5.

Belgium V 12, 2, (24, 3,) 25,4,
VIII 46, 4. 6, 49, 1, 54, 4.

Bellovaci [Bellovagi] Π4,5,5,3,
10, 5, 13, 1, 14, 2. 5, 724, 3,
46,1,71159,2.5,75,3.5,90,5,
VIII 6, 2, 7, I. 3.4.6; 12, 1, 14,1,
15,4, 16,2, 17,1, 292, 21, 3.
4, 22,1, 23,1, 38,1, - VIII
6, 2. 1

BibracteI23,1(ba's);VII55,4.6;
63,5, 90,8; 71Π2,1, 4,1.

Bibrax 116,1.

Bibruei 721,1.

Bigerrienes 1Π27, 1.

Bituriges 118,6, 7115, 1. 2.3.4.
5.7;8,5,9,6,11,9,12,2,13,
3, 15,1.4; 21,3, 29,4, 75,3,
996, 71112, 1.2, 3, 3.5, 4,2,
11,1.

[ΒΙειηυονί17ΙΙ75,2.]

Boduognatus Π23, 4.

[Boia 711145]

Boiu) 15, 4, 25, 6, 28,5, 29,2,
7119,6; 10,3.4, 17, 23, 75, 3.

Brannovices e. Aulerci.

Bratuspantium 1113,2.

Brit(t)au(n)i 1721, 5, 711,8. 9,
14,2, 21,3.

Brit(t)anuuia114,7;14,4;1118,1;

- e,10; 1V20,1; 21,31; aaa 23,

2, 27,2; 28, 12, 3Ο,1.2, 37,1,

 

