254

38,1.4, 72,3, 6,5, 8,2.5, 12,
1, 13, 2, 22, 4, 71 13, 11, 7Π
76,1.

Britannicus V4,1.

D. Brutus ΙΠ 11, 5, 14, 3, 7Π
9, 2, 87,1.

(Cabillonum e. Cauillonum.)

0111111111. Valerius.

(Cadetes c. 011111]

Cadurci 7114, 6, 64, 6, 75, 2,
7111321, 34, 3, - 7Π5, 1,

“ 7,1, 7Π130,1.

Caemani 11410.

01111(1)11 Π4, 10.

C. Inhus Caesar quadringenties

quinquagies lere.
L. Caesar 7Π65, 1.

Q. (Fufius) Calenus VIII 39, 4.

011111 (des) Il 4, 9, VH 75, 4,
7ΠΙ7,4.

Camulogenus VII 57, 3, 59, 5,
62, 5. 8.

0. Caninius Rebilus 7Π 83, 3,
90,6, 71Π24,2, 26,1.3, 27,1.
3, 30,2, 32,1, 33,1, 344, 35,
4, 36,1, 37,1, 30, 1.4, 44, 2.

Cantabri III 26, 6.

Cantium 713,1, 14,1, 22,1.

Carcaso ΙΠ20,2.

01111111Π35,3,725,1.4, 29,2,
56,1.4, 7123, 3,4, 4,5; 13,
10, 44,1,7Π2,1,3, 3,1,11,3;
75,3, 71Π4,2.3, 5,1,2.4, 31,
1. 34, 38,3, 46, 4.

Carvilius 722,1.

01111721,1.

Cassianus 113, 2,

L. 011111117,4, 12, 5. 7.

011(1)11111111111711,8, 18 ,1,
19,1, 20,1.3, 21,2, 22,1.3.5.
[7Π88,4.]

01111111 13, 4.

mccx NOMINUM.

Catamantaloedis 13, 4.

Caturiges 110, 4.

0111111111 V 24, 4, 26, 1, 71
31, 5.

Cauarillus 7Π67, 7.

011111111714,2, 715, 2.

01111111111 7Π42, 5, 90, 7.

Cebenna (Cevenna) 7Π 8, 2. 3,
56,2,

011111 11,1.

011111111 VH 4, 1.

011111111171128,4,

- caa-

benses 71111, 7.
01111111 7Π 3,1. 3, 11, 3. 4. 6,
14, 1, 17, 7, 128, 4,] amsa,
6,1. ¹
Cenimagni 721,1.
01111111(11)17Π75,3.
Ceutrones a) 110,4; b) 739,1.
(Cevenna 1. Cebenna.)

Cherusci 7110, 5.

C(h)orns 77, 3.

Q. Tullius Cicero 724,2,11,1,
38,4, 39,1, 40,1. 7, 41,1.11,
45,2.5, 48238, 49,2.6,11,
1. 3. 4, 53,1, 7132, 6, 361,
7Π 90, 7, VIII 46, 4.

Cimberius 137, 3.

Cimbri 133, 4, 40,5, Π4,2, 29,4,
71177,12. 14.

Cingetorix a) 73, 25, 4,3, 56,
3, 57,2, 718, 9, 1117221121

Cisalpina 011111 711, 2.

0111111111 Germani 712, 3.

C. Fufius 0111 VH 3, l.

Ap. Claudius (Pulcher) 71,1.

Ρ. Clodius (Pulcher) 7111,1.

Cocosates 11127, 1.

Commius 17217 27,;2 35,1;
722,,3 716,,4 7Π75,5, 76,
1.,3 79,,1 7Π16,,2 7,5, 104,
21, 1, 23, 2. 3. 501116 (111), 47,
12, 48, 2. 3. 1. 8.

 

