INDEX NOMINUM.

73,4, 24,2, 53,1, 54,4, 56, 5,
714,5, 12701019, 44,1, VH
63,7, 905, 7Π16,2(513), 11,
2,12,3.6,- Π6,4.

[1131003133 7Π88, 4.]

[Bevilus a. Caninius]

[Rhodoussa. Redones]

sumnus 1 1, 4. 5. 6, 2, 3, 5, 4,
27,4, 28,4, 31,5.11. 16, 33,3,
35,3, 37,3, 43,9, 44,2, 53,1,
54,1, Π3,4, 4,1; 29,4, 35,1,
ΙΠ11,1,171,1,3,3,4,2.3.6.
7, 6,3, 10,1.3, 14,5, 15,2, 16,
1. 2. 4. 6, 17, 1, 19,4, 73, 1. 4,
24, 4, 27,8, 29, 3, 41, 3, 55,1.2,
719,1, 24, 1, 29, 4, 32,1; 35,
4. 56, 41, 1, 42,3, 7Π65, 4,
71Π13,2.

R(h)0danus 11,5, 2,3, 6,1.2.4,
8,1.4, 10,5, 11,5, 12,1, 33,4,
ΙΠ1,1, 71165, 3.

Roma 131,9, 71125, 711908.

Romanus (-ni) 200 fera loeis.

L Roscius 724, 27, 53, 6.

Rufus 0. Sulpicius,

Butam 145, 2, 7115,1, 7,1.4,
64,6, 75,3, 90, 6.

11.8311101·011103110111[1]037Π90,4,

Sabinus 0. Titurius.

Sabis Π16,1, 18,1, (VI 33, 3.)

SamarobrIvaV24,l; 47,2, 53,3.

83015111 110, 1, 11,6; ΠΙ 11,5,
71175, 3.

(Scaldis VI 33, 3.)

[8300313111 a. Segusiavi]

83601103 VH 88, 4.

Sadfin11H1,1;2,1;7,1.

83110311 151, 2.

Segni 7132, 1.

8300011001721,1.

Sagbvax 7221.

Segusiavi I 10, 5, 7Π64,4, 75,2.

259

Μ. SemproniuaRutilus v1190‚4.

’831151133Π2,3, 754,2, 56,1.4,

712,3, 3,4.5.6, 5,2, 44,1.3,
7114,6, 11,1, 34,2, 56,5, 58,
3, 75,3, - 711130, 1.

Sequana 11,2, 71157,1.4; 58,
3. 6.

Sequani 11, 5, 2, 3, 3, 4, 6,1,
8,1,9,1-4,10,1,11,1,12,1,
19,1, 31,4. 710, 32, 2. 3. 4. 5,
33, 24, 35,3, 38,1; 40,11, 44,
9, 48,2, 54,2, 1710,3, 7112,
1.4. 6, VH 66, 2, 67, 7, 75, 3,
90,4, - 13, 4.

ager Sequanus 131, 10.

Q. Sertorius ΙΠ 23, 5.

[8330011 a. Esurii]

P. Sextius Baculus Π 25, 1, III
5,2, 7138,1.4.

Τ. Sextius 711,1, 7Π49, 1, 51,
2, 90,6, 7ΙΠ11, 1.

8101133133(810013133)Π127,1.

[Siccius 0. Iccius]

(Sigambri 0. Sugambri.)

M. (Iunius) Silanus 711,1.

Τ. 81101103 1Π7,4, 8, 2.

[8001313311. 80113133]

801 7121, 2.

80[11]111133 Π120,2.3, 21, 1. 2.

Sueba [Suara] 153, 4.

Suebi [803νὶ] 137, 3. 4, 51,2,
54,1, 171,2.3, 3, 2. 4, 4,1,
7,5, 8,3, 16,5, 10,1.2.3, 71
9,8, 10,1.3.4.5, 29,1.

8033310033[8033301133]113,5,
4,6, 12,1.4, 13,1, 7Π16, 2. 3.

Sugambri 1716,2, 18, 24, 19,
4, 7135, 5.

L. (Cornelius) Sulla 121, 4.

P. Sulpicius Rufus 1722, 6, 7Π
00, 7,

80103 VIII 45, 2.

(Sygambria. Sugambri.)
17*

 

